{"nbformat":4,"nbformat_minor":0,"metadata":{"anaconda-cloud":{},"kernelspec":{"name":"python3","display_name":"Python 3"},"language_info":{"codemirror_mode":{"name":"ipython","version":3},"file_extension":".py","mimetype":"text/x-python","name":"python","nbconvert_exporter":"python","pygments_lexer":"ipython3","version":"3.7.3"},"colab":{"name":"CSE527_HW6_Fall19.ipynb","provenance":[{"file_id":"1jmq8ctg37vFwyQhc8FWDysdmiV6S0yby","timestamp":1573480792822},{"file_id":"1ViLUlPcEK0BXr6RU8zmjQ20iZl7fCdPr","timestamp":1571664881053},{"file_id":"1xAD5KByjgblX685p3PgkcbPXih0AvIst","timestamp":1571448267794},{"file_id":"140vA4fzH81h_2TvRnkiW1c4L-NSQuqnu","timestamp":1571321931876},{"file_id":"1JNHmLHu-9ieYpIyCJ2syuLZP0iKsPSXb","timestamp":1570672690630}],"collapsed_sections":[]},"accelerator":"GPU"},"cells":[{"cell_type":"markdown","metadata":{"id":"XSfnuObtYYMH","colab_type":"text"},"source":["# CSE527 Homework 6\n","**Due date: 23:59 on Dec. 5, 2019 (Thursday)**\n","\n","In this semester, we will use Google Colab for the assignments, which allows us to utilize resources that some of us might not have in their local machines such as GPUs. You will need to use your Stony Brook (*.stonybrook.edu) account for coding and Google Drive to save your results.\n","\n","## Google Colab Tutorial\n","---\n","Go to https://colab.research.google.com/notebooks/, you will see a tutorial named \"Welcome to Colaboratory\" file, where you can learn the basics of using google colab.\n","\n","Settings used for assignments: ***Edit -> Notebook Settings -> Runtime Type (Python 3)***.\n","\n","\n","## Description\n","---\n","In this homework we are going to work on estimating the 3D pose of a person given their 2D\n","pose. Turns out, just regressing the 3D pose coordinates using the 2D pose works pretty well [1]\n","(you can find the paper [here](https://arxiv.org/pdf/1705.03098.pdf)). In Part One, we are going to work on reproducing the results of the\n","paper, in Part Two, we are going to try to find a way to handle noisy measurement.\n","\n","## Some Tutorials (PyTorch)\n","---\n","- You will be using PyTorch for deep learning toolbox (follow the [link](http://pytorch.org) for installation).\n","- For PyTorch beginners, please read this [tutorial](http://pytorch.org/tutorials/beginner/deep_learning_60min_blitz.html) before doing your homework.\n","- Feel free to study more tutorials at http://pytorch.org/tutorials/.\n","- Find cool visualization here at http://playground.tensorflow.org.\n","\n","\n","## Starter Code\n","---\n","In the starter code, you are provided with a function that loads data into minibatches for training and testing in PyTorch.\n","\n","## Benchmark\n","Train for a least 30 epochs to get a least 44mm avg error. The test result(mm error) should be in the following sequence **direct.\tdiscuss.\teat.\tgreet.\tphone\tphoto\tpose\tpurch.\tsit\tsitd.\tsomke\twait\twalkd.\twalk\twalkT\tavg**"]},{"cell_type":"markdown","metadata":{"id":"JGA-K6QzYYMR","colab_type":"text"},"source":["## Problem 1:\n","{60 points} Let us first start by trying to reproduce the testing accuracy obtained by in the [paper]((https://arxiv.org/pdf/1705.03098.pdf) above using\n","PyTorch. The 2D pose of a person is represented as a set of 2D coordinates for each of their $n = 32$ joints\n","i.e $P^{2D}_{i }$= {$(x^{1}_{i}, y^{1}_{i}), ...,(x^{32}_{i}, y^{32}_{i})$}, where $(x^{j}_{i}, y^{j}_{i})$ are the 2D coordinates of the $j$’th joint of the i’th sample. Similarly, the 3D pose of a person is \n","$P^{3D}_{i}$ = {$(x^{1}_{i}, y^{1}_{i}, z^{1}_{i}), ...,(x^{32}_{i}, y^{32}_{i}, z^{32}_{i})$}, \n","where $(x^{j}_{i}, y^{j}_{i}, z^{j}_{i})$ are the 3D coordinates of the $j$’th joint of the $i$’th sample. The only data given to you is the ground\n","truth 3D pose and the 2D pose calculated using the camera parameters. \n","You are going to train a network $f_{θ} : R^{2n} → R^{3n}$ that takes as input the $P^{2D}_{i}$ and tries to regress the ground truth 3D pose $P^{3D}_{i}$. The loss function to train this network would be the $L2$ loss between the ground truth and the predicted pose\n","\\begin{equation*}\n","L(\\theta) = \\sum^{M}_{i=1}(P^{3D}_{i} - f_{\\theta}(P^{2D}_{i}))^{2} ;\\;\\;\\;\\;\\;\\;\\;\\; \\text{for a minibatch of size M} \\;\\;\\;\\;\\;\\;\\;\\; (2)\n","\\end{equation*}\n","\n","Download the Human3.6M Dataset [here](https://www.dropbox.com/s/e35qv3n6zlkouki/h36m.zip).\n","\n","**Bonus**: Every 1mm drop in test error from 44mm till 40mm gets you 2 extra points, and every 1mm drop below 40mm gets you 4 extra points."]},{"cell_type":"code","metadata":{"id":"Jw_auq35RsCh","colab_type":"code","outputId":"21a8ef73-d542-4007-a16c-dbc1156e5417","executionInfo":{"status":"ok","timestamp":1575934988641,"user_tz":300,"elapsed":114849,"user":{"displayName":"Shreya Priya","photoUrl":"","userId":"13366966014774058512"}},"colab":{"base_uri":"https://localhost:8080/","height":122}},"source":["# Mount your google drive where you've saved your assignment folder\n","from google.colab import drive\n","drive.mount('/content/gdrive')"],"execution_count":1,"outputs":[{"output_type":"stream","text":["Go to this URL in a browser: https://accounts.google.com/o/oauth2/auth?client_id=947318989803-6bn6qk8qdgf4n4g3pfee6491hc0brc4i.apps.googleusercontent.com&redirect_uri=urn%3aietf%3awg%3aoauth%3a2.0%3aoob&response_type=code&scope=email%20https%3a%2f%2fwww.googleapis.com%2fauth%2fdocs.test%20https%3a%2f%2fwww.googleapis.com%2fauth%2fdrive%20https%3a%2f%2fwww.googleapis.com%2fauth%2fdrive.photos.readonly%20https%3a%2f%2fwww.googleapis.com%2fauth%2fpeopleapi.readonly\n","\n","Enter your authorization code:\n","··········\n","Mounted at /content/gdrive\n"],"name":"stdout"}]},{"cell_type":"code","metadata":{"id":"bCHS3jw32Csf","colab_type":"code","outputId":"2866e0de-e627-41ac-fb34-2cd5042560c7","executionInfo":{"status":"ok","timestamp":1575934991879,"user_tz":300,"elapsed":117912,"user":{"displayName":"Shreya Priya","photoUrl":"","userId":"13366966014774058512"}},"colab":{"base_uri":"https://localhost:8080/","height":68}},"source":["# Set your working directory (in your google drive), '/content/gdrive/My Drive/CSE-527-Intro-To-Computer-Vision/hw06/src' is just an example, \n","#   change it to your specific homework directory and src.\n","# Note that Surname_Givenname_SBUID_hw6.ipynb is in the same level of the folder src.\n","\n","# The structure is like\n","# Surname_Givenname_SBUID_hw6\n","#        |---Surname_Givenname_SBUID_hw6.ipynb\n","#        |---src/*\n","import os\n","os.chdir(\"/content/gdrive/My Drive/CSE-527-HW/Priya_Shreya_HW6/src\")\n","!ls"],"execution_count":2,"outputs":[{"output_type":"stream","text":["bar.py\t    data_process.py  log.py   procrustes.py  utils.py\n","camera.py   data_utils.py    misc.py  progress\t     viz.py\n","cameras.py  __init__.py      opt.py   __pycache__\n"],"name":"stdout"}]},{"cell_type":"code","metadata":{"id":"1B2kPSDcCz5a","colab_type":"code","outputId":"16a95cd0-7025-4876-8c4e-5aac612e2923","executionInfo":{"status":"ok","timestamp":1575934997416,"user_tz":300,"elapsed":123283,"user":{"displayName":"Shreya Priya","photoUrl":"","userId":"13366966014774058512"}},"colab":{"base_uri":"https://localhost:8080/","height":187}},"source":["pip install pykalman"],"execution_count":3,"outputs":[{"output_type":"stream","text":["Collecting pykalman\n","\u001b[?25l  Downloading https://files.pythonhosted.org/packages/2f/62/a4adc4516bd5974aa5583090199dd4b78d1e87018d14e9279f72ccbf0b9b/pykalman-0.9.5.tar.gz (228kB)\n","\r\u001b[K     |█▍                              | 10kB 25.9MB/s eta 0:00:01\r\u001b[K     |██▉                             | 20kB 4.6MB/s eta 0:00:01\r\u001b[K     |████▎                           | 30kB 6.6MB/s eta 0:00:01\r\u001b[K     |█████▊                          | 40kB 4.8MB/s eta 0:00:01\r\u001b[K     |███████▏                        | 51kB 5.8MB/s eta 0:00:01\r\u001b[K     |████████▋                       | 61kB 6.9MB/s eta 0:00:01\r\u001b[K     |██████████                      | 71kB 7.9MB/s eta 0:00:01\r\u001b[K     |███████████▌                    | 81kB 8.9MB/s eta 0:00:01\r\u001b[K     |████████████▉                   | 92kB 7.3MB/s eta 0:00:01\r\u001b[K     |██████████████▎                 | 102kB 8.0MB/s eta 0:00:01\r\u001b[K     |███████████████▊                | 112kB 8.0MB/s eta 0:00:01\r\u001b[K     |█████████████████▏              | 122kB 8.0MB/s eta 0:00:01\r\u001b[K     |██████████████████▋             | 133kB 8.0MB/s eta 0:00:01\r\u001b[K     |████████████████████            | 143kB 8.0MB/s eta 0:00:01\r\u001b[K     |█████████████████████▌          | 153kB 8.0MB/s eta 0:00:01\r\u001b[K     |███████████████████████         | 163kB 8.0MB/s eta 0:00:01\r\u001b[K     |████████████████████████▍       | 174kB 8.0MB/s eta 0:00:01\r\u001b[K     |█████████████████████████▊      | 184kB 8.0MB/s eta 0:00:01\r\u001b[K     |███████████████████████████▏    | 194kB 8.0MB/s eta 0:00:01\r\u001b[K     |████████████████████████████▋   | 204kB 8.0MB/s eta 0:00:01\r\u001b[K     |██████████████████████████████  | 215kB 8.0MB/s eta 0:00:01\r\u001b[K     |███████████████████████████████▌| 225kB 8.0MB/s eta 0:00:01\r\u001b[K     |████████████████████████████████| 235kB 8.0MB/s \n","\u001b[?25hBuilding wheels for collected packages: pykalman\n","  Building wheel for pykalman (setup.py) ... \u001b[?25l\u001b[?25hdone\n","  Created wheel for pykalman: filename=pykalman-0.9.5-cp36-none-any.whl size=48464 sha256=3e1233db5ccbca447c70f67d65bbe29d62db5fdf7b3a5793f8619a412d64a457\n","  Stored in directory: /root/.cache/pip/wheels/d9/e8/6a/553d9832679cb74a8434fa597c3abdb07313e40054a0adf9ac\n","Successfully built pykalman\n","Installing collected packages: pykalman\n","Successfully installed pykalman-0.9.5\n"],"name":"stdout"}]},{"cell_type":"code","metadata":{"id":"0UA6WFgcYYMI","colab_type":"code","colab":{}},"source":["from __future__ import print_function, absolute_import, division\n","\n","import os\n","import sys\n","import time\n","from pprint import pprint\n","import numpy as np\n","\n","import torch\n","import torch.nn as nn\n","import torch.optim\n","import torch.backends.cudnn as cudnn\n","from torch.utils.data import DataLoader\n","from torch.autograd import Variable\n","\n","# Locate to the src folder to import the following functions.\n","from procrustes import get_transformation\n","import data_process as data_process\n","import data_utils\n","import progress.progress.bar as pBar\n","import utils as utils\n","import misc as misc\n","import log as log\n","import cameras\n","\n","from pykalman import KalmanFilter\n","from sklearn.metrics import mean_squared_error \n","import matplotlib.pyplot as plt"],"execution_count":0,"outputs":[]},{"cell_type":"code","metadata":{"id":"hwZFxLxY87QT","colab_type":"code","colab":{}},"source":["# Feel free to use more cells if necessary."],"execution_count":0,"outputs":[]},{"cell_type":"code","metadata":{"id":"UyVUTDm2duC1","colab_type":"code","colab":{}},"source":["# Define actions\n","actions = data_utils.define_actions(\"All\")"],"execution_count":0,"outputs":[]},{"cell_type":"code","metadata":{"id":"pj2D4m2Pdu1F","colab_type":"code","outputId":"f2aa18a5-541a-4d79-f6bb-5ca4d116b4f6","executionInfo":{"status":"ok","timestamp":1575935007796,"user_tz":300,"elapsed":133291,"user":{"displayName":"Shreya Priya","photoUrl":"","userId":"13366966014774058512"}},"colab":{"base_uri":"https://localhost:8080/","height":1000}},"source":["# Load camera parameters\n","SUBJECT_IDS = [1,5,6,7,8,9,11]\n","cameras_path = '/content/gdrive/My Drive/CSE-527-HW/Priya_Shreya_HW6/data/h36m/cameras.h5'\n","rcams = cameras.load_cameras(cameras_path, SUBJECT_IDS)\n","print(rcams)"],"execution_count":7,"outputs":[{"output_type":"stream","text":["{(1, 1): (array([[-0.91536173,  0.40180837,  0.02574754],\n","       [ 0.05154812,  0.18037357, -0.98224649],\n","       [-0.39931903, -0.89778361, -0.18581953]]), array([[1841.10702775],\n","       [4955.28462345],\n","       [1563.4453959 ]]), array([[1145.04940459],\n","       [1143.78109572]]), array([[512.54150496],\n","       [515.45148698]]), array([[-0.20709891],\n","       [ 0.24777518],\n","       [-0.00307515]]), array([[-0.00142447],\n","       [-0.0009757 ]]), '54138969'), (1, 2): (array([[ 0.92816834,  0.37215384,  0.00224838],\n","       [ 0.08166409, -0.1977723 , -0.97684036],\n","       [-0.36309022,  0.90685591, -0.21395759]]), array([[ 1761.27853428],\n","       [-5078.00659454],\n","       [ 1606.26495983]]), array([[1149.67569987],\n","       [1147.59161667]]), array([[508.84862165],\n","       [508.06491709]]), array([[-0.19421363],\n","       [ 0.24040854],\n","       [ 0.00681998]]), array([[-0.00274089],\n","       [-0.00161903]]), '55011271'), (1, 3): (array([[-0.91415495, -0.40277802, -0.04572295],\n","       [-0.04562341,  0.2143085 , -0.97569994],\n","       [ 0.40278931, -0.88985489, -0.21428728]]), array([[-1846.77766101],\n","       [ 5215.04650469],\n","       [ 1491.97246577]]), array([[1149.14071676],\n","       [1148.79896857]]), array([[519.81583718],\n","       [501.40265889]]), array([[-0.20833819],\n","       [ 0.25548801],\n","       [-0.0024605 ]]), array([[-0.00076   ],\n","       [ 0.00148439]]), '58860488'), (1, 4): (array([[ 0.91415624, -0.40060706,  0.06190599],\n","       [-0.05641001, -0.2769532 , -0.95922617],\n","       [ 0.40141783,  0.87339047, -0.27577674]]), array([[-1794.78972871],\n","       [-3722.69891504],\n","       [ 1574.89272605]]), array([[1145.51133842],\n","       [1144.77392808]]), array([[514.96819732],\n","       [501.88201854]]), array([[-0.19838409],\n","       [ 0.21832368],\n","       [-0.00894781]]), array([[-0.00181336],\n","       [-0.00058721]]), '60457274'), (5, 1): (array([[-0.90420742,  0.42657831,  0.02097347],\n","       [ 0.06390494,  0.18368565, -0.98090557],\n","       [-0.42228557, -0.88560179, -0.19335039]]), array([[2097.39151027],\n","       [4880.94465755],\n","       [1605.73247184]]), array([[1145.04940459],\n","       [1143.78109572]]), array([[512.54150496],\n","       [515.45148698]]), array([[-0.20709891],\n","       [ 0.24777518],\n","       [-0.00307515]]), array([[-0.00142447],\n","       [-0.0009757 ]]), '54138969'), (5, 2): (array([[ 0.9222116 ,  0.38649076,  0.01227429],\n","       [ 0.09333184, -0.19167234, -0.9770112 ],\n","       [-0.37525316,  0.90215664, -0.21283435]]), array([[ 2031.70078497],\n","       [-5167.93301207],\n","       [ 1612.92305082]]), array([[1149.67569987],\n","       [1147.59161667]]), array([[508.84862165],\n","       [508.06491709]]), array([[-0.19421363],\n","       [ 0.24040854],\n","       [ 0.00681998]]), array([[-0.00274089],\n","       [-0.00161903]]), '55011271'), (5, 3): (array([[-0.92582886, -0.37286741, -0.06173178],\n","       [-0.02357811,  0.22000056, -0.97521476],\n","       [ 0.37720683, -0.90142645, -0.21247438]]), array([[-1620.59486279],\n","       [ 5171.65873305],\n","       [ 1496.43704697]]), array([[1149.14071676],\n","       [1148.79896857]]), array([[519.81583718],\n","       [501.40265889]]), array([[-0.20833819],\n","       [ 0.25548801],\n","       [-0.0024605 ]]), array([[-0.00076   ],\n","       [ 0.00148439]]), '58860488'), (5, 4): (array([[ 0.92228155, -0.37726887,  0.08405321],\n","       [-0.02117765, -0.26645871, -0.96361365],\n","       [ 0.38593814,  0.88694304, -0.25373962]]), array([[-1637.17374541],\n","       [-3867.31734917],\n","       [ 1547.03325639]]), array([[1145.51133842],\n","       [1144.77392808]]), array([[514.96819732],\n","       [501.88201854]]), array([[-0.19838409],\n","       [ 0.21832368],\n","       [-0.00894781]]), array([[-0.00181336],\n","       [-0.00058721]]), '60457274'), (6, 1): (array([[-0.91495033,  0.40348643,  0.00803635],\n","       [ 0.07174776,  0.1822276 , -0.98063518],\n","       [-0.39713744, -0.8966559 , -0.19567845]]), array([[1935.45174695],\n","       [4950.24580396],\n","       [1618.08381523]]), array([[1145.04940459],\n","       [1143.78109572]]), array([[512.54150496],\n","       [515.45148698]]), array([[-0.20709891],\n","       [ 0.24777518],\n","       [-0.00307515]]), array([[-0.00142447],\n","       [-0.0009757 ]]), '54138969'), (6, 2): (array([[ 0.91973647,  0.39209902,  0.01852537],\n","       [ 0.10147807, -0.1919146 , -0.97615111],\n","       [-0.3791926 ,  0.89968169, -0.21630031]]), array([[ 1969.80390766],\n","       [-5128.73876071],\n","       [ 1632.77883868]]), array([[1149.67569987],\n","       [1147.59161667]]), array([[508.84862165],\n","       [508.06491709]]), array([[-0.19421363],\n","       [ 0.24040854],\n","       [ 0.00681998]]), array([[-0.00274089],\n","       [-0.00161903]]), '55011271'), (6, 3): (array([[-0.9165777 , -0.39393484, -0.06856141],\n","       [-0.01984532,  0.2160707 , -0.97617602],\n","       [ 0.39936385, -0.89338054, -0.20586335]]), array([[-1769.59647656],\n","       [ 5185.36115455],\n","       [ 1476.99340929]]), array([[1149.14071676],\n","       [1148.79896857]]), array([[519.81583718],\n","       [501.40265889]]), array([[-0.20833819],\n","       [ 0.25548801],\n","       [-0.0024605 ]]), array([[-0.00076   ],\n","       [ 0.00148439]]), '58860488'), (6, 4): (array([[ 0.91829506, -0.3850769 ,  0.09192373],\n","       [-0.01553499, -0.26706146, -0.96355427],\n","       [ 0.39559178,  0.88339909, -0.25122339]]), array([[-1721.66874979],\n","       [-3884.13134702],\n","       [ 1540.48790237]]), array([[1145.51133842],\n","       [1144.77392808]]), array([[514.96819732],\n","       [501.88201854]]), array([[-0.19838409],\n","       [ 0.21832368],\n","       [-0.00894781]]), array([[-0.00181336],\n","       [-0.00058721]]), '60457274'), (7, 1): (array([[-0.90557642,  0.42392654,  0.01475238],\n","       [ 0.06862813,  0.18074372, -0.98113296],\n","       [-0.4185947 , -0.88747845, -0.19277053]]), array([[1974.51295626],\n","       [4926.3544638 ],\n","       [1597.83264488]]), array([[1145.04940459],\n","       [1143.78109572]]), array([[512.54150496],\n","       [515.45148698]]), array([[-0.20709891],\n","       [ 0.24777518],\n","       [-0.00307515]]), array([[-0.00142447],\n","       [-0.0009757 ]]), '54138969'), (7, 2): (array([[ 0.92126408,  0.38860118,  0.01617474],\n","       [ 0.09922278, -0.19461154, -0.97584896],\n","       [-0.37606827,  0.90061949, -0.21784671]]), array([[ 1937.05842904],\n","       [-5119.78981556],\n","       [ 1631.56648087]]), array([[1149.67569987],\n","       [1147.59161667]]), array([[508.84862165],\n","       [508.06491709]]), array([[-0.19421363],\n","       [ 0.24040854],\n","       [ 0.00681998]]), array([[-0.00274089],\n","       [-0.00161903]]), '55011271'), (7, 3): (array([[-0.92450697, -0.37555597, -0.06515035],\n","       [-0.01895501,  0.21601111, -0.9762069 ],\n","       [ 0.38069353, -0.90127516, -0.20682245]]), array([[-1741.81111844],\n","       [ 5208.24936308],\n","       [ 1464.82464578]]), array([[1149.14071676],\n","       [1148.79896857]]), array([[519.81583718],\n","       [501.40265889]]), array([[-0.20833819],\n","       [ 0.25548801],\n","       [-0.0024605 ]]), array([[-0.00076   ],\n","       [ 0.00148439]]), '58860488'), (7, 4): (array([[ 0.9228354 , -0.37440015,  0.09055029],\n","       [-0.01498208, -0.26978659, -0.96280358],\n","       [ 0.38490306,  0.88715259, -0.25457791]]), array([[-1734.71057765],\n","       [-3832.42135394],\n","       [ 1548.58303462]]), array([[1145.51133842],\n","       [1144.77392808]]), array([[514.96819732],\n","       [501.88201854]]), array([[-0.19838409],\n","       [ 0.21832368],\n","       [-0.00894781]]), array([[-0.00181336],\n","       [-0.00058721]]), '60457274'), (8, 1): (array([[-0.91156947,  0.41064943,  0.02020282],\n","       [ 0.06090775,  0.18347366, -0.9811359 ],\n","       [-0.40660958, -0.89314302, -0.19226072]]), array([[2150.65184102],\n","       [4896.16095051],\n","       [1611.90470612]]), array([[1145.04940459],\n","       [1143.78109572]]), array([[512.54150496],\n","       [515.45148698]]), array([[-0.20709891],\n","       [ 0.24777518],\n","       [-0.00307515]]), array([[-0.00142447],\n","       [-0.0009757 ]]), '54138969'), (8, 2): (array([[ 0.93101628,  0.36476269,  0.01252435],\n","       [ 0.08939715, -0.19463753, -0.97679291],\n","       [-0.3538599 ,  0.91052974, -0.21381946]]), array([[ 2219.96567034],\n","       [-5148.45307557],\n","       [ 1613.04401647]]), array([[1149.67569987],\n","       [1147.59161667]]), array([[508.84862165],\n","       [508.06491709]]), array([[-0.19421363],\n","       [ 0.24040854],\n","       [ 0.00681998]]), array([[-0.00274089],\n","       [-0.00161903]]), '55011271'), (8, 3): (array([[-0.92090758, -0.38473552, -0.06251254],\n","       [-0.02568138,  0.21992027, -0.97517975],\n","       [ 0.38893406, -0.89644501, -0.21240678]]), array([[-1571.22149998],\n","       [ 5137.0185815 ],\n","       [ 1498.17612799]]), array([[1149.14071676],\n","       [1148.79896857]]), array([[519.81583718],\n","       [501.40265889]]), array([[-0.20833819],\n","       [ 0.25548801],\n","       [-0.0024605 ]]), array([[-0.00076   ],\n","       [ 0.00148439]]), '58860488'), (8, 4): (array([[ 0.92766705, -0.36360628,  0.08499598],\n","       [-0.01666269, -0.26770413, -0.96335707],\n","       [ 0.37303645,  0.89225836, -0.25439896]]), array([[-1476.9133824 ],\n","       [-3896.74112386],\n","       [ 1547.97220704]]), array([[1145.51133842],\n","       [1144.77392808]]), array([[514.96819732],\n","       [501.88201854]]), array([[-0.19838409],\n","       [ 0.21832368],\n","       [-0.00894781]]), array([[-0.00181336],\n","       [-0.00058721]]), '60457274'), (9, 1): (array([[-0.90334862,  0.42691198,  0.04132109],\n","       [ 0.04153061,  0.18295114, -0.98224441],\n","       [-0.42689165, -0.88559305, -0.18299858]]), array([[2044.45852504],\n","       [4935.11727985],\n","       [1481.22752753]]), array([[1145.04940459],\n","       [1143.78109572]]), array([[512.54150496],\n","       [515.45148698]]), array([[-0.20709891],\n","       [ 0.24777518],\n","       [-0.00307515]]), array([[-0.00142447],\n","       [-0.0009757 ]]), '54138969'), (9, 2): (array([[ 0.93157205,  0.36348288, -0.00732918],\n","       [ 0.06810069, -0.19426748, -0.97858185],\n","       [-0.35712157,  0.91112038, -0.20572759]]), array([[ 1990.95966215],\n","       [-5123.81055156],\n","       [ 1568.80481574]]), array([[1149.67569987],\n","       [1147.59161667]]), array([[508.84862165],\n","       [508.06491709]]), array([[-0.19421363],\n","       [ 0.24040854],\n","       [ 0.00681998]]), array([[-0.00274089],\n","       [-0.00161903]]), '55011271'), (9, 3): (array([[-0.92693442, -0.37323035, -0.03862235],\n","       [-0.04725991,  0.21824049, -0.97475001],\n","       [ 0.37223525, -0.90170405, -0.21993346]]), array([[-1670.99215489],\n","       [ 5211.98574196],\n","       [ 1528.38799772]]), array([[1149.14071676],\n","       [1148.79896857]]), array([[519.81583718],\n","       [501.40265889]]), array([[-0.20833819],\n","       [ 0.25548801],\n","       [-0.0024605 ]]), array([[-0.00076   ],\n","       [ 0.00148439]]), '58860488'), (9, 4): (array([[ 0.91546071, -0.39734607,  0.0636223 ],\n","       [-0.04940628, -0.26789168, -0.96218141],\n","       [ 0.39936288,  0.87769594, -0.2648757 ]]), array([[-1696.04347097],\n","       [-3827.09988629],\n","       [ 1591.41272728]]), array([[1145.51133842],\n","       [1144.77392808]]), array([[514.96819732],\n","       [501.88201854]]), array([[-0.19838409],\n","       [ 0.21832368],\n","       [-0.00894781]]), array([[-0.00181336],\n","       [-0.00058721]]), '60457274'), (11, 1): (array([[-0.9059013 ,  0.42171441,  0.03872711],\n","       [ 0.04449318,  0.18571991, -0.98159486],\n","       [-0.42114509, -0.88750497, -0.18700732]]), array([[2098.44023766],\n","       [4926.55465688],\n","       [1500.27857413]]), array([[1145.04940459],\n","       [1143.78109572]]), array([[512.54150496],\n","       [515.45148698]]), array([[-0.20709891],\n","       [ 0.24777518],\n","       [-0.00307515]]), array([[-0.00142447],\n","       [-0.0009757 ]]), '54138969'), (11, 2): (array([[ 0.92166465,  0.38798487, -0.00141729],\n","       [ 0.07721055, -0.1869924 , -0.97932241],\n","       [-0.3802273 ,  0.90249741, -0.20230081]]), array([[ 2083.1824007 ],\n","       [-4912.17282366],\n","       [ 1561.07857908]]), array([[1149.67569987],\n","       [1147.59161667]]), array([[508.84862165],\n","       [508.06491709]]), array([[-0.19421363],\n","       [ 0.24040854],\n","       [ 0.00681998]]), array([[-0.00274089],\n","       [-0.00161903]]), '55011271'), (11, 3): (array([[-0.90635406, -0.42053102, -0.04093881],\n","       [-0.06032122,  0.22468715, -0.9725621 ],\n","       [ 0.41819095, -0.87901612, -0.22901305]]), array([[-1609.8153431 ],\n","       [ 5177.33597263],\n","       [ 1537.89671534]]), array([[1149.14071676],\n","       [1148.79896857]]), array([[519.81583718],\n","       [501.40265889]]), array([[-0.20833819],\n","       [ 0.25548801],\n","       [-0.0024605 ]]), array([[-0.00076   ],\n","       [ 0.00148439]]), '58860488'), (11, 4): (array([[ 0.91754082, -0.39226322,  0.06517976],\n","       [-0.04531905, -0.26600517, -0.96290572],\n","       [ 0.39505065,  0.88055143, -0.2618476 ]]), array([[-1590.73799072],\n","       [-3854.16900369],\n","       [ 1578.01760714]]), array([[1145.51133842],\n","       [1144.77392808]]), array([[514.96819732],\n","       [501.88201854]]), array([[-0.19838409],\n","       [ 0.21832368],\n","       [-0.00894781]]), array([[-0.00181336],\n","       [-0.00058721]]), '60457274')}\n"],"name":"stdout"}]},{"cell_type":"code","metadata":{"id":"7QJS-eDH4Vw-","colab_type":"code","outputId":"71227b4d-0d37-41e8-863c-af764cb9b0e3","executionInfo":{"status":"ok","timestamp":1575935102990,"user_tz":300,"elapsed":228393,"user":{"displayName":"Shreya Priya","photoUrl":"","userId":"13366966014774058512"}},"colab":{"base_uri":"https://localhost:8080/","height":1000}},"source":["# Load data\n","data_dir = '/content/gdrive/My Drive/CSE-527-HW/Priya_Shreya_HW6/data/h36m/'\n","camera_frame = True\n","predict_14 = False\n","# Load 3d data and load (or create) 2d projections\n","train_set_3d, test_set_3d, data_mean_3d, data_std_3d, dim_to_ignore_3d, dim_to_use_3d, train_root_positions, test_root_positions = data_utils.read_3d_data(\n","    actions, data_dir, camera_frame, rcams, predict_14 )"],"execution_count":8,"outputs":[{"output_type":"stream","text":["Reading subject 1, action Directions\n","/content/gdrive/My Drive/CSE-527-HW/Priya_Shreya_HW6/data/h36m/S1/MyPoses/3D_positions/Directions*.h5\n","/content/gdrive/My Drive/CSE-527-HW/Priya_Shreya_HW6/data/h36m/S1/MyPoses/3D_positions/Directions 1.h5\n","/content/gdrive/My Drive/CSE-527-HW/Priya_Shreya_HW6/data/h36m/S1/MyPoses/3D_positions/Directions.h5\n","Reading subject 1, action Discussion\n","/content/gdrive/My Drive/CSE-527-HW/Priya_Shreya_HW6/data/h36m/S1/MyPoses/3D_positions/Discussion*.h5\n","/content/gdrive/My Drive/CSE-527-HW/Priya_Shreya_HW6/data/h36m/S1/MyPoses/3D_positions/Discussion 1.h5\n","/content/gdrive/My Drive/CSE-527-HW/Priya_Shreya_HW6/data/h36m/S1/MyPoses/3D_positions/Discussion.h5\n","Reading subject 1, action Eating\n","/content/gdrive/My Drive/CSE-527-HW/Priya_Shreya_HW6/data/h36m/S1/MyPoses/3D_positions/Eating*.h5\n","/content/gdrive/My Drive/CSE-527-HW/Priya_Shreya_HW6/data/h36m/S1/MyPoses/3D_positions/Eating 2.h5\n","/content/gdrive/My Drive/CSE-527-HW/Priya_Shreya_HW6/data/h36m/S1/MyPoses/3D_positions/Eating.h5\n","Reading subject 1, action Greeting\n","/content/gdrive/My Drive/CSE-527-HW/Priya_Shreya_HW6/data/h36m/S1/MyPoses/3D_positions/Greeting*.h5\n","/content/gdrive/My Drive/CSE-527-HW/Priya_Shreya_HW6/data/h36m/S1/MyPoses/3D_positions/Greeting 1.h5\n","/content/gdrive/My Drive/CSE-527-HW/Priya_Shreya_HW6/data/h36m/S1/MyPoses/3D_positions/Greeting.h5\n","Reading subject 1, action Phoning\n","/content/gdrive/My Drive/CSE-527-HW/Priya_Shreya_HW6/data/h36m/S1/MyPoses/3D_positions/Phoning*.h5\n","/content/gdrive/My Drive/CSE-527-HW/Priya_Shreya_HW6/data/h36m/S1/MyPoses/3D_positions/Phoning 1.h5\n","/content/gdrive/My Drive/CSE-527-HW/Priya_Shreya_HW6/data/h36m/S1/MyPoses/3D_positions/Phoning.h5\n","Reading subject 1, action Photo\n","/content/gdrive/My Drive/CSE-527-HW/Priya_Shreya_HW6/data/h36m/S1/MyPoses/3D_positions/Photo*.h5\n","/content/gdrive/My Drive/CSE-527-HW/Priya_Shreya_HW6/data/h36m/S1/MyPoses/3D_positions/Photo.h5\n","/content/gdrive/My Drive/CSE-527-HW/Priya_Shreya_HW6/data/h36m/S1/MyPoses/3D_positions/Photo 1.h5\n","Reading subject 1, action Posing\n","/content/gdrive/My Drive/CSE-527-HW/Priya_Shreya_HW6/data/h36m/S1/MyPoses/3D_positions/Posing*.h5\n","/content/gdrive/My Drive/CSE-527-HW/Priya_Shreya_HW6/data/h36m/S1/MyPoses/3D_positions/Posing 1.h5\n","/content/gdrive/My Drive/CSE-527-HW/Priya_Shreya_HW6/data/h36m/S1/MyPoses/3D_positions/Posing.h5\n","Reading subject 1, action Purchases\n","/content/gdrive/My Drive/CSE-527-HW/Priya_Shreya_HW6/data/h36m/S1/MyPoses/3D_positions/Purchases*.h5\n","/content/gdrive/My Drive/CSE-527-HW/Priya_Shreya_HW6/data/h36m/S1/MyPoses/3D_positions/Purchases 1.h5\n","/content/gdrive/My Drive/CSE-527-HW/Priya_Shreya_HW6/data/h36m/S1/MyPoses/3D_positions/Purchases.h5\n","Reading subject 1, action Sitting\n","/content/gdrive/My Drive/CSE-527-HW/Priya_Shreya_HW6/data/h36m/S1/MyPoses/3D_positions/Sitting*.h5\n","/content/gdrive/My Drive/CSE-527-HW/Priya_Shreya_HW6/data/h36m/S1/MyPoses/3D_positions/Sitting 1.h5\n","/content/gdrive/My Drive/CSE-527-HW/Priya_Shreya_HW6/data/h36m/S1/MyPoses/3D_positions/Sitting 2.h5\n","Reading subject 1, action SittingDown\n","/content/gdrive/My Drive/CSE-527-HW/Priya_Shreya_HW6/data/h36m/S1/MyPoses/3D_positions/SittingDown*.h5\n","/content/gdrive/My Drive/CSE-527-HW/Priya_Shreya_HW6/data/h36m/S1/MyPoses/3D_positions/SittingDown 2.h5\n","/content/gdrive/My Drive/CSE-527-HW/Priya_Shreya_HW6/data/h36m/S1/MyPoses/3D_positions/SittingDown.h5\n","Reading subject 1, action Smoking\n","/content/gdrive/My Drive/CSE-527-HW/Priya_Shreya_HW6/data/h36m/S1/MyPoses/3D_positions/Smoking*.h5\n","/content/gdrive/My Drive/CSE-527-HW/Priya_Shreya_HW6/data/h36m/S1/MyPoses/3D_positions/Smoking 1.h5\n","/content/gdrive/My Drive/CSE-527-HW/Priya_Shreya_HW6/data/h36m/S1/MyPoses/3D_positions/Smoking.h5\n","Reading subject 1, action Waiting\n","/content/gdrive/My Drive/CSE-527-HW/Priya_Shreya_HW6/data/h36m/S1/MyPoses/3D_positions/Waiting*.h5\n","/content/gdrive/My Drive/CSE-527-HW/Priya_Shreya_HW6/data/h36m/S1/MyPoses/3D_positions/Waiting 1.h5\n","/content/gdrive/My Drive/CSE-527-HW/Priya_Shreya_HW6/data/h36m/S1/MyPoses/3D_positions/Waiting.h5\n","Reading subject 1, action WalkDog\n","/content/gdrive/My Drive/CSE-527-HW/Priya_Shreya_HW6/data/h36m/S1/MyPoses/3D_positions/WalkDog*.h5\n","/content/gdrive/My Drive/CSE-527-HW/Priya_Shreya_HW6/data/h36m/S1/MyPoses/3D_positions/WalkDog 1.h5\n","/content/gdrive/My Drive/CSE-527-HW/Priya_Shreya_HW6/data/h36m/S1/MyPoses/3D_positions/WalkDog.h5\n","Reading subject 1, action Walking\n","/content/gdrive/My Drive/CSE-527-HW/Priya_Shreya_HW6/data/h36m/S1/MyPoses/3D_positions/Walking*.h5\n","/content/gdrive/My Drive/CSE-527-HW/Priya_Shreya_HW6/data/h36m/S1/MyPoses/3D_positions/Walking 1.h5\n","/content/gdrive/My Drive/CSE-527-HW/Priya_Shreya_HW6/data/h36m/S1/MyPoses/3D_positions/Walking.h5\n","Reading subject 1, action WalkTogether\n","/content/gdrive/My Drive/CSE-527-HW/Priya_Shreya_HW6/data/h36m/S1/MyPoses/3D_positions/WalkTogether*.h5\n","/content/gdrive/My Drive/CSE-527-HW/Priya_Shreya_HW6/data/h36m/S1/MyPoses/3D_positions/WalkTogether 1.h5\n","/content/gdrive/My Drive/CSE-527-HW/Priya_Shreya_HW6/data/h36m/S1/MyPoses/3D_positions/WalkTogether.h5\n","Reading subject 5, action Directions\n","/content/gdrive/My Drive/CSE-527-HW/Priya_Shreya_HW6/data/h36m/S5/MyPoses/3D_positions/Directions*.h5\n","/content/gdrive/My Drive/CSE-527-HW/Priya_Shreya_HW6/data/h36m/S5/MyPoses/3D_positions/Directions 1.h5\n","/content/gdrive/My Drive/CSE-527-HW/Priya_Shreya_HW6/data/h36m/S5/MyPoses/3D_positions/Directions 2.h5\n","Reading subject 5, action Discussion\n","/content/gdrive/My Drive/CSE-527-HW/Priya_Shreya_HW6/data/h36m/S5/MyPoses/3D_positions/Discussion*.h5\n","/content/gdrive/My Drive/CSE-527-HW/Priya_Shreya_HW6/data/h36m/S5/MyPoses/3D_positions/Discussion 2.h5\n","/content/gdrive/My Drive/CSE-527-HW/Priya_Shreya_HW6/data/h36m/S5/MyPoses/3D_positions/Discussion 3.h5\n","Reading subject 5, action Eating\n","/content/gdrive/My Drive/CSE-527-HW/Priya_Shreya_HW6/data/h36m/S5/MyPoses/3D_positions/Eating*.h5\n","/content/gdrive/My Drive/CSE-527-HW/Priya_Shreya_HW6/data/h36m/S5/MyPoses/3D_positions/Eating 1.h5\n","/content/gdrive/My Drive/CSE-527-HW/Priya_Shreya_HW6/data/h36m/S5/MyPoses/3D_positions/Eating.h5\n","Reading subject 5, action Greeting\n","/content/gdrive/My Drive/CSE-527-HW/Priya_Shreya_HW6/data/h36m/S5/MyPoses/3D_positions/Greeting*.h5\n","/content/gdrive/My Drive/CSE-527-HW/Priya_Shreya_HW6/data/h36m/S5/MyPoses/3D_positions/Greeting 1.h5\n","/content/gdrive/My Drive/CSE-527-HW/Priya_Shreya_HW6/data/h36m/S5/MyPoses/3D_positions/Greeting 2.h5\n","Reading subject 5, action Phoning\n","/content/gdrive/My Drive/CSE-527-HW/Priya_Shreya_HW6/data/h36m/S5/MyPoses/3D_positions/Phoning*.h5\n","/content/gdrive/My Drive/CSE-527-HW/Priya_Shreya_HW6/data/h36m/S5/MyPoses/3D_positions/Phoning 1.h5\n","/content/gdrive/My Drive/CSE-527-HW/Priya_Shreya_HW6/data/h36m/S5/MyPoses/3D_positions/Phoning.h5\n","Reading subject 5, action Photo\n","/content/gdrive/My Drive/CSE-527-HW/Priya_Shreya_HW6/data/h36m/S5/MyPoses/3D_positions/Photo*.h5\n","/content/gdrive/My Drive/CSE-527-HW/Priya_Shreya_HW6/data/h36m/S5/MyPoses/3D_positions/Photo 2.h5\n","/content/gdrive/My Drive/CSE-527-HW/Priya_Shreya_HW6/data/h36m/S5/MyPoses/3D_positions/Photo.h5\n","Reading subject 5, action Posing\n","/content/gdrive/My Drive/CSE-527-HW/Priya_Shreya_HW6/data/h36m/S5/MyPoses/3D_positions/Posing*.h5\n","/content/gdrive/My Drive/CSE-527-HW/Priya_Shreya_HW6/data/h36m/S5/MyPoses/3D_positions/Posing 1.h5\n","/content/gdrive/My Drive/CSE-527-HW/Priya_Shreya_HW6/data/h36m/S5/MyPoses/3D_positions/Posing.h5\n","Reading subject 5, action Purchases\n","/content/gdrive/My Drive/CSE-527-HW/Priya_Shreya_HW6/data/h36m/S5/MyPoses/3D_positions/Purchases*.h5\n","/content/gdrive/My Drive/CSE-527-HW/Priya_Shreya_HW6/data/h36m/S5/MyPoses/3D_positions/Purchases 1.h5\n","/content/gdrive/My Drive/CSE-527-HW/Priya_Shreya_HW6/data/h36m/S5/MyPoses/3D_positions/Purchases.h5\n","Reading subject 5, action Sitting\n","/content/gdrive/My Drive/CSE-527-HW/Priya_Shreya_HW6/data/h36m/S5/MyPoses/3D_positions/Sitting*.h5\n","/content/gdrive/My Drive/CSE-527-HW/Priya_Shreya_HW6/data/h36m/S5/MyPoses/3D_positions/Sitting 1.h5\n","/content/gdrive/My Drive/CSE-527-HW/Priya_Shreya_HW6/data/h36m/S5/MyPoses/3D_positions/Sitting.h5\n","Reading subject 5, action SittingDown\n","/content/gdrive/My Drive/CSE-527-HW/Priya_Shreya_HW6/data/h36m/S5/MyPoses/3D_positions/SittingDown*.h5\n","/content/gdrive/My Drive/CSE-527-HW/Priya_Shreya_HW6/data/h36m/S5/MyPoses/3D_positions/SittingDown 1.h5\n","/content/gdrive/My Drive/CSE-527-HW/Priya_Shreya_HW6/data/h36m/S5/MyPoses/3D_positions/SittingDown.h5\n","Reading subject 5, action Smoking\n","/content/gdrive/My Drive/CSE-527-HW/Priya_Shreya_HW6/data/h36m/S5/MyPoses/3D_positions/Smoking*.h5\n","/content/gdrive/My Drive/CSE-527-HW/Priya_Shreya_HW6/data/h36m/S5/MyPoses/3D_positions/Smoking 1.h5\n","/content/gdrive/My Drive/CSE-527-HW/Priya_Shreya_HW6/data/h36m/S5/MyPoses/3D_positions/Smoking.h5\n","Reading subject 5, action Waiting\n","/content/gdrive/My Drive/CSE-527-HW/Priya_Shreya_HW6/data/h36m/S5/MyPoses/3D_positions/Waiting*.h5\n","/content/gdrive/My Drive/CSE-527-HW/Priya_Shreya_HW6/data/h36m/S5/MyPoses/3D_positions/Waiting 1.h5\n","/content/gdrive/My Drive/CSE-527-HW/Priya_Shreya_HW6/data/h36m/S5/MyPoses/3D_positions/Waiting 2.h5\n","Reading subject 5, action WalkDog\n","/content/gdrive/My Drive/CSE-527-HW/Priya_Shreya_HW6/data/h36m/S5/MyPoses/3D_positions/WalkDog*.h5\n","/content/gdrive/My Drive/CSE-527-HW/Priya_Shreya_HW6/data/h36m/S5/MyPoses/3D_positions/WalkDog 1.h5\n","/content/gdrive/My Drive/CSE-527-HW/Priya_Shreya_HW6/data/h36m/S5/MyPoses/3D_positions/WalkDog.h5\n","Reading subject 5, action Walking\n","/content/gdrive/My Drive/CSE-527-HW/Priya_Shreya_HW6/data/h36m/S5/MyPoses/3D_positions/Walking*.h5\n","/content/gdrive/My Drive/CSE-527-HW/Priya_Shreya_HW6/data/h36m/S5/MyPoses/3D_positions/Walking 1.h5\n","/content/gdrive/My Drive/CSE-527-HW/Priya_Shreya_HW6/data/h36m/S5/MyPoses/3D_positions/Walking.h5\n","Reading subject 5, action WalkTogether\n","/content/gdrive/My Drive/CSE-527-HW/Priya_Shreya_HW6/data/h36m/S5/MyPoses/3D_positions/WalkTogether*.h5\n","/content/gdrive/My Drive/CSE-527-HW/Priya_Shreya_HW6/data/h36m/S5/MyPoses/3D_positions/WalkTogether 1.h5\n","/content/gdrive/My Drive/CSE-527-HW/Priya_Shreya_HW6/data/h36m/S5/MyPoses/3D_positions/WalkTogether.h5\n","Reading subject 6, action Directions\n","/content/gdrive/My Drive/CSE-527-HW/Priya_Shreya_HW6/data/h36m/S6/MyPoses/3D_positions/Directions*.h5\n","/content/gdrive/My Drive/CSE-527-HW/Priya_Shreya_HW6/data/h36m/S6/MyPoses/3D_positions/Directions 1.h5\n","/content/gdrive/My Drive/CSE-527-HW/Priya_Shreya_HW6/data/h36m/S6/MyPoses/3D_positions/Directions.h5\n","Reading subject 6, action Discussion\n","/content/gdrive/My Drive/CSE-527-HW/Priya_Shreya_HW6/data/h36m/S6/MyPoses/3D_positions/Discussion*.h5\n","/content/gdrive/My Drive/CSE-527-HW/Priya_Shreya_HW6/data/h36m/S6/MyPoses/3D_positions/Discussion 1.h5\n","/content/gdrive/My Drive/CSE-527-HW/Priya_Shreya_HW6/data/h36m/S6/MyPoses/3D_positions/Discussion.h5\n","Reading subject 6, action Eating\n","/content/gdrive/My Drive/CSE-527-HW/Priya_Shreya_HW6/data/h36m/S6/MyPoses/3D_positions/Eating*.h5\n","/content/gdrive/My Drive/CSE-527-HW/Priya_Shreya_HW6/data/h36m/S6/MyPoses/3D_positions/Eating 1.h5\n","/content/gdrive/My Drive/CSE-527-HW/Priya_Shreya_HW6/data/h36m/S6/MyPoses/3D_positions/Eating 2.h5\n","Reading subject 6, action Greeting\n","/content/gdrive/My Drive/CSE-527-HW/Priya_Shreya_HW6/data/h36m/S6/MyPoses/3D_positions/Greeting*.h5\n","/content/gdrive/My Drive/CSE-527-HW/Priya_Shreya_HW6/data/h36m/S6/MyPoses/3D_positions/Greeting 1.h5\n","/content/gdrive/My Drive/CSE-527-HW/Priya_Shreya_HW6/data/h36m/S6/MyPoses/3D_positions/Greeting.h5\n","Reading subject 6, action Phoning\n","/content/gdrive/My Drive/CSE-527-HW/Priya_Shreya_HW6/data/h36m/S6/MyPoses/3D_positions/Phoning*.h5\n","/content/gdrive/My Drive/CSE-527-HW/Priya_Shreya_HW6/data/h36m/S6/MyPoses/3D_positions/Phoning 1.h5\n","/content/gdrive/My Drive/CSE-527-HW/Priya_Shreya_HW6/data/h36m/S6/MyPoses/3D_positions/Phoning.h5\n","Reading subject 6, action Photo\n","/content/gdrive/My Drive/CSE-527-HW/Priya_Shreya_HW6/data/h36m/S6/MyPoses/3D_positions/Photo*.h5\n","/content/gdrive/My Drive/CSE-527-HW/Priya_Shreya_HW6/data/h36m/S6/MyPoses/3D_positions/Photo 1.h5\n","/content/gdrive/My Drive/CSE-527-HW/Priya_Shreya_HW6/data/h36m/S6/MyPoses/3D_positions/Photo.h5\n","Reading subject 6, action Posing\n","/content/gdrive/My Drive/CSE-527-HW/Priya_Shreya_HW6/data/h36m/S6/MyPoses/3D_positions/Posing*.h5\n","/content/gdrive/My Drive/CSE-527-HW/Priya_Shreya_HW6/data/h36m/S6/MyPoses/3D_positions/Posing 2.h5\n","/content/gdrive/My Drive/CSE-527-HW/Priya_Shreya_HW6/data/h36m/S6/MyPoses/3D_positions/Posing.h5\n","Reading subject 6, action Purchases\n","/content/gdrive/My Drive/CSE-527-HW/Priya_Shreya_HW6/data/h36m/S6/MyPoses/3D_positions/Purchases*.h5\n","/content/gdrive/My Drive/CSE-527-HW/Priya_Shreya_HW6/data/h36m/S6/MyPoses/3D_positions/Purchases 1.h5\n","/content/gdrive/My Drive/CSE-527-HW/Priya_Shreya_HW6/data/h36m/S6/MyPoses/3D_positions/Purchases.h5\n","Reading subject 6, action Sitting\n","/content/gdrive/My Drive/CSE-527-HW/Priya_Shreya_HW6/data/h36m/S6/MyPoses/3D_positions/Sitting*.h5\n","/content/gdrive/My Drive/CSE-527-HW/Priya_Shreya_HW6/data/h36m/S6/MyPoses/3D_positions/Sitt